0	0	0
0	0.0500000000000000	0
0	0.100000000000000	0
0	0.150000000000000	0
0	0.200000000000000	0
0	0.250000000000000	0
0	0.300000000000000	0
0	0.350000000000000	0
0	0.400000000000000	0
0	0.450000000000000	0
0	0.500000000000000	0
0	0.550000000000000	0
0	0.600000000000000	0
0	0.650000000000000	0
0	0.700000000000000	0
0	0.750000000000000	0
0	0.800000000000000	0
0	0.850000000000000	0
0	0.900000000000000	0
0	0.950000000000000	0
0	1	0
0.0500000000000000	0	0.0500000000000000
0.0500000000000000	0.0500000000000000	0.0501250000000000
0.0500000000000000	0.100000000000000	0.0502500000000000
0.0500000000000000	0.150000000000000	0.0503750000000000
0.0500000000000000	0.200000000000000	0.0505000000000000
0.0500000000000000	0.250000000000000	0.0506250000000000
0.0500000000000000	0.300000000000000	0.0507500000000000
0.0500000000000000	0.350000000000000	0.0508750000000000
0.0500000000000000	0.400000000000000	0.0510000000000000
0.0500000000000000	0.450000000000000	0.0511250000000000
0.0500000000000000	0.500000000000000	0.0512500000000000
0.0500000000000000	0.550000000000000	0.0513750000000000
0.0500000000000000	0.600000000000000	0.0515000000000000
0.0500000000000000	0.650000000000000	0.0516250000000000
0.0500000000000000	0.700000000000000	0.0517500000000000
0.0500000000000000	0.750000000000000	0.0518750000000000
0.0500000000000000	0.800000000000000	0.0520000000000000
0.0500000000000000	0.850000000000000	0.0521250000000000
0.0500000000000000	0.900000000000000	0.0522500000000000
0.0500000000000000	0.950000000000000	0.0523750000000000
0.0500000000000000	1	0.0525000000000000
0.100000000000000	0	0.100000000000000
0.100000000000000	0.0500000000000000	0.100500000000000
0.100000000000000	0.100000000000000	0.101000000000000
0.100000000000000	0.150000000000000	0.101500000000000
0.100000000000000	0.200000000000000	0.102000000000000
0.100000000000000	0.250000000000000	0.102500000000000
0.100000000000000	0.300000000000000	0.103000000000000
0.100000000000000	0.350000000000000	0.103500000000000
0.100000000000000	0.400000000000000	0.104000000000000
0.100000000000000	0.450000000000000	0.104500000000000
0.100000000000000	0.500000000000000	0.105000000000000
0.100000000000000	0.550000000000000	0.105500000000000
0.100000000000000	0.600000000000000	0.106000000000000
0.100000000000000	0.650000000000000	0.106500000000000
0.100000000000000	0.700000000000000	0.107000000000000
0.100000000000000	0.750000000000000	0.107500000000000
0.100000000000000	0.800000000000000	0.108000000000000
0.100000000000000	0.850000000000000	0.108500000000000
0.100000000000000	0.900000000000000	0.109000000000000
0.100000000000000	0.950000000000000	0.109500000000000
0.100000000000000	1	0.110000000000000
0.150000000000000	0	0.150000000000000
0.150000000000000	0.0500000000000000	0.151125000000000
0.150000000000000	0.100000000000000	0.152250000000000
0.150000000000000	0.150000000000000	0.153375000000000
0.150000000000000	0.200000000000000	0.154500000000000
0.150000000000000	0.250000000000000	0.155625000000000
0.150000000000000	0.300000000000000	0.156750000000000
0.150000000000000	0.350000000000000	0.157875000000000
0.150000000000000	0.400000000000000	0.159000000000000
0.150000000000000	0.450000000000000	0.160125000000000
0.150000000000000	0.500000000000000	0.161250000000000
0.150000000000000	0.550000000000000	0.162375000000000
0.150000000000000	0.600000000000000	0.163500000000000
0.150000000000000	0.650000000000000	0.164625000000000
0.150000000000000	0.700000000000000	0.165750000000000
0.150000000000000	0.750000000000000	0.166875000000000
0.150000000000000	0.800000000000000	0.168000000000000
0.150000000000000	0.850000000000000	0.169125000000000
0.150000000000000	0.900000000000000	0.170250000000000
0.150000000000000	0.950000000000000	0.171375000000000
0.150000000000000	1	0.172500000000000
0.200000000000000	0	0.200000000000000
0.200000000000000	0.0500000000000000	0.202000000000000
0.200000000000000	0.100000000000000	0.204000000000000
0.200000000000000	0.150000000000000	0.206000000000000
0.200000000000000	0.200000000000000	0.208000000000000
0.200000000000000	0.250000000000000	0.210000000000000
0.200000000000000	0.300000000000000	0.212000000000000
0.200000000000000	0.350000000000000	0.214000000000000
0.200000000000000	0.400000000000000	0.216000000000000
0.200000000000000	0.450000000000000	0.218000000000000
0.200000000000000	0.500000000000000	0.220000000000000
0.200000000000000	0.550000000000000	0.222000000000000
0.200000000000000	0.600000000000000	0.224000000000000
0.200000000000000	0.650000000000000	0.226000000000000
0.200000000000000	0.700000000000000	0.228000000000000
0.200000000000000	0.750000000000000	0.230000000000000
0.200000000000000	0.800000000000000	0.232000000000000
0.200000000000000	0.850000000000000	0.234000000000000
0.200000000000000	0.900000000000000	0.236000000000000
0.200000000000000	0.950000000000000	0.238000000000000
0.200000000000000	1	0.240000000000000
0.250000000000000	0	0.250000000000000
0.250000000000000	0.0500000000000000	0.253125000000000
0.250000000000000	0.100000000000000	0.256250000000000
0.250000000000000	0.150000000000000	0.259375000000000
0.250000000000000	0.200000000000000	0.262500000000000
0.250000000000000	0.250000000000000	0.265625000000000
0.250000000000000	0.300000000000000	0.268750000000000
0.250000000000000	0.350000000000000	0.271875000000000
0.250000000000000	0.400000000000000	0.275000000000000
0.250000000000000	0.450000000000000	0.278125000000000
0.250000000000000	0.500000000000000	0.281250000000000
0.250000000000000	0.550000000000000	0.284375000000000
0.250000000000000	0.600000000000000	0.287500000000000
0.250000000000000	0.650000000000000	0.290625000000000
0.250000000000000	0.700000000000000	0.293750000000000
0.250000000000000	0.750000000000000	0.296875000000000
0.250000000000000	0.800000000000000	0.300000000000000
0.250000000000000	0.850000000000000	0.303125000000000
0.250000000000000	0.900000000000000	0.306250000000000
0.250000000000000	0.950000000000000	0.309375000000000
0.250000000000000	1	0.312500000000000
0.300000000000000	0	0.300000000000000
0.300000000000000	0.0500000000000000	0.304500000000000
0.300000000000000	0.100000000000000	0.309000000000000
0.300000000000000	0.150000000000000	0.313500000000000
0.300000000000000	0.200000000000000	0.318000000000000
0.300000000000000	0.250000000000000	0.322500000000000
0.300000000000000	0.300000000000000	0.327000000000000
0.300000000000000	0.350000000000000	0.331500000000000
0.300000000000000	0.400000000000000	0.336000000000000
0.300000000000000	0.450000000000000	0.340500000000000
0.300000000000000	0.500000000000000	0.345000000000000
0.300000000000000	0.550000000000000	0.349500000000000
0.300000000000000	0.600000000000000	0.354000000000000
0.300000000000000	0.650000000000000	0.358500000000000
0.300000000000000	0.700000000000000	0.363000000000000
0.300000000000000	0.750000000000000	0.367500000000000
0.300000000000000	0.800000000000000	0.372000000000000
0.300000000000000	0.850000000000000	0.376500000000000
0.300000000000000	0.900000000000000	0.381000000000000
0.300000000000000	0.950000000000000	0.385500000000000
0.300000000000000	1	0.390000000000000
0.350000000000000	0	0.350000000000000
0.350000000000000	0.0500000000000000	0.356125000000000
0.350000000000000	0.100000000000000	0.362250000000000
0.350000000000000	0.150000000000000	0.368375000000000
0.350000000000000	0.200000000000000	0.374500000000000
0.350000000000000	0.250000000000000	0.380625000000000
0.350000000000000	0.300000000000000	0.386750000000000
0.350000000000000	0.350000000000000	0.392875000000000
0.350000000000000	0.400000000000000	0.399000000000000
0.350000000000000	0.450000000000000	0.405125000000000
0.350000000000000	0.500000000000000	0.411250000000000
0.350000000000000	0.550000000000000	0.417375000000000
0.350000000000000	0.600000000000000	0.423500000000000
0.350000000000000	0.650000000000000	0.429625000000000
0.350000000000000	0.700000000000000	0.435750000000000
0.350000000000000	0.750000000000000	0.441875000000000
0.350000000000000	0.800000000000000	0.448000000000000
0.350000000000000	0.850000000000000	0.454125000000000
0.350000000000000	0.900000000000000	0.460250000000000
0.350000000000000	0.950000000000000	0.466375000000000
0.350000000000000	1	0.472500000000000
0.400000000000000	0	0.400000000000000
0.400000000000000	0.0500000000000000	0.408000000000000
0.400000000000000	0.100000000000000	0.416000000000000
0.400000000000000	0.150000000000000	0.424000000000000
0.400000000000000	0.200000000000000	0.432000000000000
0.400000000000000	0.250000000000000	0.440000000000000
0.400000000000000	0.300000000000000	0.448000000000000
0.400000000000000	0.350000000000000	0.456000000000000
0.400000000000000	0.400000000000000	0.464000000000000
0.400000000000000	0.450000000000000	0.472000000000000
0.400000000000000	0.500000000000000	0.480000000000000
0.400000000000000	0.550000000000000	0.488000000000000
0.400000000000000	0.600000000000000	0.496000000000000
0.400000000000000	0.650000000000000	0.504000000000000
0.400000000000000	0.700000000000000	0.512000000000000
0.400000000000000	0.750000000000000	0.520000000000000
0.400000000000000	0.800000000000000	0.528000000000000
0.400000000000000	0.850000000000000	0.536000000000000
0.400000000000000	0.900000000000000	0.544000000000000
0.400000000000000	0.950000000000000	0.552000000000000
0.400000000000000	1	0.560000000000000
0.450000000000000	0	0.450000000000000
0.450000000000000	0.0500000000000000	0.460125000000000
0.450000000000000	0.100000000000000	0.470250000000000
0.450000000000000	0.150000000000000	0.480375000000000
0.450000000000000	0.200000000000000	0.490500000000000
0.450000000000000	0.250000000000000	0.500625000000000
0.450000000000000	0.300000000000000	0.510750000000000
0.450000000000000	0.350000000000000	0.520875000000000
0.450000000000000	0.400000000000000	0.531000000000000
0.450000000000000	0.450000000000000	0.541125000000000
0.450000000000000	0.500000000000000	0.551250000000000
0.450000000000000	0.550000000000000	0.561375000000000
0.450000000000000	0.600000000000000	0.571500000000000
0.450000000000000	0.650000000000000	0.581625000000000
0.450000000000000	0.700000000000000	0.591750000000000
0.450000000000000	0.750000000000000	0.601875000000000
0.450000000000000	0.800000000000000	0.612000000000000
0.450000000000000	0.850000000000000	0.622125000000000
0.450000000000000	0.900000000000000	0.632250000000000
0.450000000000000	0.950000000000000	0.642375000000000
0.450000000000000	1	0.652500000000000
0.500000000000000	0	0.500000000000000
0.500000000000000	0.0500000000000000	0.512500000000000
0.500000000000000	0.100000000000000	0.525000000000000
0.500000000000000	0.150000000000000	0.537500000000000
0.500000000000000	0.200000000000000	0.550000000000000
0.500000000000000	0.250000000000000	0.562500000000000
0.500000000000000	0.300000000000000	0.575000000000000
0.500000000000000	0.350000000000000	0.587500000000000
0.500000000000000	0.400000000000000	0.600000000000000
0.500000000000000	0.450000000000000	0.612500000000000
0.500000000000000	0.500000000000000	0.625000000000000
0.500000000000000	0.550000000000000	0.637500000000000
0.500000000000000	0.600000000000000	0.650000000000000
0.500000000000000	0.650000000000000	0.662500000000000
0.500000000000000	0.700000000000000	0.675000000000000
0.500000000000000	0.750000000000000	0.687500000000000
0.500000000000000	0.800000000000000	0.700000000000000
0.500000000000000	0.850000000000000	0.712500000000000
0.500000000000000	0.900000000000000	0.725000000000000
0.500000000000000	0.950000000000000	0.737500000000000
0.500000000000000	1	0.750000000000000
0.550000000000000	0	0.550000000000000
0.550000000000000	0.0500000000000000	0.565125000000000
0.550000000000000	0.100000000000000	0.580250000000000
0.550000000000000	0.150000000000000	0.595375000000000
0.550000000000000	0.200000000000000	0.610500000000000
0.550000000000000	0.250000000000000	0.625625000000000
0.550000000000000	0.300000000000000	0.640750000000000
0.550000000000000	0.350000000000000	0.655875000000000
0.550000000000000	0.400000000000000	0.671000000000000
0.550000000000000	0.450000000000000	0.686125000000000
0.550000000000000	0.500000000000000	0.701250000000000
0.550000000000000	0.550000000000000	0.716375000000000
0.550000000000000	0.600000000000000	0.731500000000000
0.550000000000000	0.650000000000000	0.746625000000000
0.550000000000000	0.700000000000000	0.761750000000000
0.550000000000000	0.750000000000000	0.776875000000000
0.550000000000000	0.800000000000000	0.792000000000000
0.550000000000000	0.850000000000000	0.807125000000000
0.550000000000000	0.900000000000000	0.822250000000000
0.550000000000000	0.950000000000000	0.837375000000000
0.550000000000000	1	0.852500000000000
0.600000000000000	0	0.600000000000000
0.600000000000000	0.0500000000000000	0.618000000000000
0.600000000000000	0.100000000000000	0.636000000000000
0.600000000000000	0.150000000000000	0.654000000000000
0.600000000000000	0.200000000000000	0.672000000000000
0.600000000000000	0.250000000000000	0.690000000000000
0.600000000000000	0.300000000000000	0.708000000000000
0.600000000000000	0.350000000000000	0.726000000000000
0.600000000000000	0.400000000000000	0.744000000000000
0.600000000000000	0.450000000000000	0.762000000000000
0.600000000000000	0.500000000000000	0.780000000000000
0.600000000000000	0.550000000000000	0.798000000000000
0.600000000000000	0.600000000000000	0.816000000000000
0.600000000000000	0.650000000000000	0.834000000000000
0.600000000000000	0.700000000000000	0.852000000000000
0.600000000000000	0.750000000000000	0.870000000000000
0.600000000000000	0.800000000000000	0.888000000000000
0.600000000000000	0.850000000000000	0.906000000000000
0.600000000000000	0.900000000000000	0.924000000000000
0.600000000000000	0.950000000000000	0.942000000000000
0.600000000000000	1	0.960000000000000
0.650000000000000	0	0.650000000000000
0.650000000000000	0.0500000000000000	0.671125000000000
0.650000000000000	0.100000000000000	0.692250000000000
0.650000000000000	0.150000000000000	0.713375000000000
0.650000000000000	0.200000000000000	0.734500000000000
0.650000000000000	0.250000000000000	0.755625000000000
0.650000000000000	0.300000000000000	0.776750000000000
0.650000000000000	0.350000000000000	0.797875000000000
0.650000000000000	0.400000000000000	0.819000000000000
0.650000000000000	0.450000000000000	0.840125000000000
0.650000000000000	0.500000000000000	0.861250000000000
0.650000000000000	0.550000000000000	0.882375000000000
0.650000000000000	0.600000000000000	0.903500000000000
0.650000000000000	0.650000000000000	0.924625000000000
0.650000000000000	0.700000000000000	0.945750000000000
0.650000000000000	0.750000000000000	0.966875000000000
0.650000000000000	0.800000000000000	0.988000000000000
0.650000000000000	0.850000000000000	1.00912500000000
0.650000000000000	0.900000000000000	1.03025000000000
0.650000000000000	0.950000000000000	1.05137500000000
0.650000000000000	1	1.07250000000000
0.700000000000000	0	0.700000000000000
0.700000000000000	0.0500000000000000	0.724500000000000
0.700000000000000	0.100000000000000	0.749000000000000
0.700000000000000	0.150000000000000	0.773500000000000
0.700000000000000	0.200000000000000	0.798000000000000
0.700000000000000	0.250000000000000	0.822500000000000
0.700000000000000	0.300000000000000	0.847000000000000
0.700000000000000	0.350000000000000	0.871500000000000
0.700000000000000	0.400000000000000	0.896000000000000
0.700000000000000	0.450000000000000	0.920500000000000
0.700000000000000	0.500000000000000	0.945000000000000
0.700000000000000	0.550000000000000	0.969500000000000
0.700000000000000	0.600000000000000	0.994000000000000
0.700000000000000	0.650000000000000	1.01850000000000
0.700000000000000	0.700000000000000	1.04300000000000
0.700000000000000	0.750000000000000	1.06750000000000
0.700000000000000	0.800000000000000	1.09200000000000
0.700000000000000	0.850000000000000	1.11650000000000
0.700000000000000	0.900000000000000	1.14100000000000
0.700000000000000	0.950000000000000	1.16550000000000
0.700000000000000	1	1.19000000000000
0.750000000000000	0	0.750000000000000
0.750000000000000	0.0500000000000000	0.778125000000000
0.750000000000000	0.100000000000000	0.806250000000000
0.750000000000000	0.150000000000000	0.834375000000000
0.750000000000000	0.200000000000000	0.862500000000000
0.750000000000000	0.250000000000000	0.890625000000000
0.750000000000000	0.300000000000000	0.918750000000000
0.750000000000000	0.350000000000000	0.946875000000000
0.750000000000000	0.400000000000000	0.975000000000000
0.750000000000000	0.450000000000000	1.00312500000000
0.750000000000000	0.500000000000000	1.03125000000000
0.750000000000000	0.550000000000000	1.05937500000000
0.750000000000000	0.600000000000000	1.08750000000000
0.750000000000000	0.650000000000000	1.11562500000000
0.750000000000000	0.700000000000000	1.14375000000000
0.750000000000000	0.750000000000000	1.17187500000000
0.750000000000000	0.800000000000000	1.20000000000000
0.750000000000000	0.850000000000000	1.22812500000000
0.750000000000000	0.900000000000000	1.25625000000000
0.750000000000000	0.950000000000000	1.28437500000000
0.750000000000000	1	1.31250000000000
0.800000000000000	0	0.800000000000000
0.800000000000000	0.0500000000000000	0.832000000000000
0.800000000000000	0.100000000000000	0.864000000000000
0.800000000000000	0.150000000000000	0.896000000000000
0.800000000000000	0.200000000000000	0.928000000000000
0.800000000000000	0.250000000000000	0.960000000000000
0.800000000000000	0.300000000000000	0.992000000000000
0.800000000000000	0.350000000000000	1.02400000000000
0.800000000000000	0.400000000000000	1.05600000000000
0.800000000000000	0.450000000000000	1.08800000000000
0.800000000000000	0.500000000000000	1.12000000000000
0.800000000000000	0.550000000000000	1.15200000000000
0.800000000000000	0.600000000000000	1.18400000000000
0.800000000000000	0.650000000000000	1.21600000000000
0.800000000000000	0.700000000000000	1.24800000000000
0.800000000000000	0.750000000000000	1.28000000000000
0.800000000000000	0.800000000000000	1.31200000000000
0.800000000000000	0.850000000000000	1.34400000000000
0.800000000000000	0.900000000000000	1.37600000000000
0.800000000000000	0.950000000000000	1.40800000000000
0.800000000000000	1	1.44000000000000
0.850000000000000	0	0.850000000000000
0.850000000000000	0.0500000000000000	0.886125000000000
0.850000000000000	0.100000000000000	0.922250000000000
0.850000000000000	0.150000000000000	0.958375000000000
0.850000000000000	0.200000000000000	0.994500000000000
0.850000000000000	0.250000000000000	1.03062500000000
0.850000000000000	0.300000000000000	1.06675000000000
0.850000000000000	0.350000000000000	1.10287500000000
0.850000000000000	0.400000000000000	1.13900000000000
0.850000000000000	0.450000000000000	1.17512500000000
0.850000000000000	0.500000000000000	1.21125000000000
0.850000000000000	0.550000000000000	1.24737500000000
0.850000000000000	0.600000000000000	1.28350000000000
0.850000000000000	0.650000000000000	1.31962500000000
0.850000000000000	0.700000000000000	1.35575000000000
0.850000000000000	0.750000000000000	1.39187500000000
0.850000000000000	0.800000000000000	1.42800000000000
0.850000000000000	0.850000000000000	1.46412500000000
0.850000000000000	0.900000000000000	1.50025000000000
0.850000000000000	0.950000000000000	1.53637500000000
0.850000000000000	1	1.57250000000000
0.900000000000000	0	0.900000000000000
0.900000000000000	0.0500000000000000	0.940500000000000
0.900000000000000	0.100000000000000	0.981000000000000
0.900000000000000	0.150000000000000	1.02150000000000
0.900000000000000	0.200000000000000	1.06200000000000
0.900000000000000	0.250000000000000	1.10250000000000
0.900000000000000	0.300000000000000	1.14300000000000
0.900000000000000	0.350000000000000	1.18350000000000
0.900000000000000	0.400000000000000	1.22400000000000
0.900000000000000	0.450000000000000	1.26450000000000
0.900000000000000	0.500000000000000	1.30500000000000
0.900000000000000	0.550000000000000	1.34550000000000
0.900000000000000	0.600000000000000	1.38600000000000
0.900000000000000	0.650000000000000	1.42650000000000
0.900000000000000	0.700000000000000	1.46700000000000
0.900000000000000	0.750000000000000	1.50750000000000
0.900000000000000	0.800000000000000	1.54800000000000
0.900000000000000	0.850000000000000	1.58850000000000
0.900000000000000	0.900000000000000	1.62900000000000
0.900000000000000	0.950000000000000	1.66950000000000
0.900000000000000	1	1.71000000000000
0.950000000000000	0	0.950000000000000
0.950000000000000	0.0500000000000000	0.995125000000000
0.950000000000000	0.100000000000000	1.04025000000000
0.950000000000000	0.150000000000000	1.08537500000000
0.950000000000000	0.200000000000000	1.13050000000000
0.950000000000000	0.250000000000000	1.17562500000000
0.950000000000000	0.300000000000000	1.22075000000000
0.950000000000000	0.350000000000000	1.26587500000000
0.950000000000000	0.400000000000000	1.31100000000000
0.950000000000000	0.450000000000000	1.35612500000000
0.950000000000000	0.500000000000000	1.40125000000000
0.950000000000000	0.550000000000000	1.44637500000000
0.950000000000000	0.600000000000000	1.49150000000000
0.950000000000000	0.650000000000000	1.53662500000000
0.950000000000000	0.700000000000000	1.58175000000000
0.950000000000000	0.750000000000000	1.62687500000000
0.950000000000000	0.800000000000000	1.67200000000000
0.950000000000000	0.850000000000000	1.71712500000000
0.950000000000000	0.900000000000000	1.76225000000000
0.950000000000000	0.950000000000000	1.80737500000000
0.950000000000000	1	1.85250000000000
1	0	1
1	0.0500000000000000	1.05000000000000
1	0.100000000000000	1.10000000000000
1	0.150000000000000	1.15000000000000
1	0.200000000000000	1.20000000000000
1	0.250000000000000	1.25000000000000
1	0.300000000000000	1.30000000000000
1	0.350000000000000	1.35000000000000
1	0.400000000000000	1.40000000000000
1	0.450000000000000	1.45000000000000
1	0.500000000000000	1.50000000000000
1	0.550000000000000	1.55000000000000
1	0.600000000000000	1.60000000000000
1	0.650000000000000	1.65000000000000
1	0.700000000000000	1.70000000000000
1	0.750000000000000	1.75000000000000
1	0.800000000000000	1.80000000000000
1	0.850000000000000	1.85000000000000
1	0.900000000000000	1.90000000000000
1	0.950000000000000	1.95000000000000
1	1	2